0 100 100 1 0 200 100 1 0 300 100 1 0 400 100 1 0 500 100 1 
1 100 100 1 1 200 100 1 1 300 125 1 1 400 125 1 1 500 100 1 
2 100 100 1 2 200 100 1 2 300 200 1 2 400 200 1 2 500 100 1 
3 100 125 1 3 200 125 1 3 300 314.101 1 3 400 314.101 1 3 500 125 1 
4 100 200 1 4 200 200 1 4 300 457.576 1 4 400 455.043 1 4 500 200 1 
5 100 314.101 1 5 200 314.101 1 5 300 607.576 1 5 400 576.009 1 5 500 314.101 1 
6 100 457.576 1 6 200 457.576 1 6 300 757.576 1 6 400 662.034 1 6 500 457.576 1 
7 100 607.576 1 7 200 607.576 1 7 300 907.576 1 7 400 698.651 1 7 500 607.576 1 
8 100 757.576 1 8 200 757.576 1 8 300 1057.58 1 8 400 700 0 8 500 757.576 1 
9 100 907.576 1 9 200 907.576 1 9 300 1207.58 1 9 400 700 0 9 500 907.576 1 
10 100 1057.58 1 10 200 1057.58 1 10 300 1357.58 1 10 429.466 700 0 10 500 1057.58 1 
11 100 1207.58 1 11 200 1207.58 1 11 300 1507.58 1 11 497.301 700 0 11 500 1207.58 1 
12 100 1357.58 1 12 200 1357.58 1 12 300 1657.58 1 12 529.466 700 0 12 500 1357.58 1 
13 100 1507.58 1 13 200 1507.58 1 13 300 1807.58 1 13 597.301 700 0 13 500 1507.58 1 
14 100 1657.58 1 14 200 1657.58 1 14 300 1957.58 1 14 600 700 1 14 500 1657.58 1 
15 100 1798.74 1 15 200 1807.58 1 15 300 2107.58 1 15 600 700 1 15 500 1807.58 1 
16 100 1909.85 1 16 200 1957.58 1 16 300 2257.58 1 16 600 700 1 16 500 1957.58 1 
17 100 1979.8 1 17 200 2107.58 1 17 300 2407.58 1 17 600 700 1 17 500 2107.58 1 
18 100 2000 0 18 200 2257.58 1 18 300 2557.58 1 18 600 700 1 18 500 2257.58 1 
19 100 2000 0 19 200 2407.58 1 19 300 2707.58 1 19 600 700 1 19 500 2407.58 1 
20 100.255 2000 0 20 200 2557.58 1 20 300 2857.58 1 20 600 700 1 20 500 2557.58 1 
21 130.306 2000 0 21 200 2707.58 1 21 300 2998.74 1 21 600 700 1 21 500 2707.58 1 
22 210.244 2000 0 22 200 2857.58 1 22 300 3109.85 1 22 600 700 1 22 500 2857.58 1 
23 327.289 2000 0 23 200 3007.58 1 23 300 3179.8 1 23 600 700 1 23 500 3007.58 1 
24 472.727 2000 0 24 200 3157.58 1 24 300 3200 0 24 600 700 1 24 500 3157.58 1 
25 622.727 2000 0 25 200 3307.53 1 25 300 3200 0 25 600 700 1 25 500 3307.58 1 
26 772.727 2000 0 26 200 3438.93 1 26 300.255 3200 0 26 600 700 1 26 500 3457.58 1 
27 922.727 2000 0 27 200 3538.72 1 27 330.306 3200 0 27 600 700 1 27 500 3607.58 1 
28 1072.73 2000 0 28 200 3592 1 28 410.244 3200 0 28 600 700 1 28 500 3755.04 1 
29 1222.73 2000 0 29 200 3600 0 29 527.289 3200 0 29 600 700 1 29 500 3876.01 1 
30 1372.73 2000 0 30 200 3600 0 30 672.727 3200 0 30 600 700 1 30 500 3962.03 1 
31 1522.73 2000 0 31 204.716 3600 0 31 822.727 3200 0 31 600 700 1 31 500 3998.65 1 
32 1672.73 2000 0 32 251.434 3600 0 32 972.727 3200 0 32 600 700 1 32 500 4000 0 
33 1822.73 2000 0 33 346.087 3600 0 33 1122.73 3200 0 33 600 700 1 33 500 4000 0 
34 1972.73 2000 0 34 473.295 3600 0 34 1272.73 3200 0 34 600 700 1 34 514.733 4000 0 
35 2122.73 2000 0 35 622.727 3600 0 35 1422.73 3200 0 35 600 700 1 35 578.117 4000 0 
36 2272.73 2000 0 36 772.727 3600 0 36 1572.73 3200 0 36 600 700 1 36 685.055 4000 0 
37 2422.73 2000 0 37 922.727 3600 0 37 1722.73 3200 0 37 600 700 1 37 822.727 4000 0 
38 2572.73 2000 0 38 1072.73 3600 0 38 1872.73 3200 0 38 600 700 1 38 972.727 4000 0 
39 2722.73 2000 0 39 1222.73 3600 0 39 2022.73 3200 0 39 600 700 1 39 1122.73 4000 0 
40 2872.73 2000 0 40 1368.69 3600 0 40 2172.73 3200 0 40 600 700 1 40 1272.73 4000 0 
41 3022.73 2000 0 41 1486.63 3600 0 41 2322.73 3200 0 41 600 700 1 41 1422.73 4000 0 
42 3172.73 2000 0 42 1568 3600 0 42 2472.73 3200 0 42 600 700 1 42 1572.73 4000 0 
43 3322.73 2000 0 43 1599.57 3600 0 43 2622.73 3200 0 43 600 700 1 43 1722.73 4000 0 
44 3472.73 2000 0 44 1600 3600 3 44 2772.73 3200 0 44 600 700 1 44 1872.73 4000 0 
45 3622.33 2000 0 45 1600 3600 3 45 2922.73 3200 0 45 600 700 1 45 2022.73 4000 0 
46 3750.5 2000 0 46 1600 3600 3 46 3072.73 3200 0 46 600 700 1 46 2172.73 4000 0 
47 3846.37 2000 0 47 1600 3600 3 47 3222.73 3200 0 47 600 700 1 47 2322.73 4000 0 
48 3894.6 2000 0 48 1600 3600 3 48 3372.73 3200 0 48 600 700 1 48 2472.73 4000 0 
49 3900 2000 3 49 1600 3600 3 49 3522.73 3200 0 49 600 700 1 49 2622.73 4000 0 
50 3900 2000 3 50 1600 3600 3 50 3672.73 3200 0 50 600 700 1 50 2772.73 4000 0 
51 3900 2000 3 51 1600 3600 3 51 3822.73 3200 0 51 600 700 1 51 2922.73 4000 0 
52 3900 2000 3 52 1600 3600 3 52 3972.73 3200 0 52 600 700 1 52 3072.73 4000 0 
53 3900 2000 3 53 1600 3600 3 53 4111.25 3200 0 53 600 700 1 53 3222.73 4000 0 
54 3900 2000 3 54 1600 3600 3 54 4219.18 3200 0 54 600 700 1 54 3372.73 4000 0 
55 3900 2000 3 55 1600 3600 3 55 4284.08 3200 0 55 600 700 1 55 3522.73 4000 0 
56 3900 2000 3 56 1600 3600 3 56 4300 3200 1 56 600 700 1 56 3672.73 4000 0 
57 3900 2000 3 57 1600 3600 3 57 4300 3200 1 57 600 700 1 57 3822.73 4000 0 
58 3900 2000 3 58 1600 3600 3 58 4300 3200 1 58 600 700 1 58 3972.73 4000 0 
59 3900 2000 3 59 1600 3600 3 59 4300 3200 1 59 600 700 1 59 4122.73 4000 0 
60 3900 2000 3 60 1600 3600 3 60 4300 3200 1 60 600 700 1 60 4272.73 4000 0 
61 3900 2000 3 61 1600 3600 3 61 4300 3200 1 61 600 700 1 61 4422.33 4000 0 
62 3900 2000 3 62 1600 3600 3 62 4300 3200 1 62 600 700 1 62 4550.5 4000 0 
63 3900 2000 3 63 1600 3600 3 63 4300 3200 1 63 600 700 1 63 4646.37 4000 0 
64 3900 2000 3 64 1600 3600 3 64 4300 3200 1 64 600 700 1 64 4694.6 4000 0 
65 3900 2000 3 65 1600 3600 3 65 4300 3200 1 65 600 700 1 65 4700 4000 1 
66 3900 2000 3 66 1600 3600 3 66 4300 3200 1 66 600 700 1 66 4700 4000 1 
67 3900 2000 3 67 1600 3600 3 67 4300 3200 1 67 600 700 1 67 4700 4014.33 1 
68 3900 2000 3 68 1600 3600 3 68 4300 3200 1 68 600 700 1 68 4700 4089.21 1 
69 3900 2000 3 69 1600 3600 3 69 4300 3200 1 69 600 700 1 69 4700 4100 3 
70 3900 2000 3 70 1600 3600 3 70 4300 3200 1 70 600 700 1 70 4700 4100 3 
71 3900 2000 3 71 1600 3600 3 71 4300 3200 1 71 600 700 1 71 4700 4100 3 
72 3900 2000 3 72 1600 3600 3 72 4300 3200 1 72 600 700 1 72 4700 4100 3 
73 3900 2000 3 73 1600 3600 3 73 4300 3200 1 73 600 700 1 73 4700 4100 3 
74 3900 2000 3 74 1600 3600 3 74 4300 3200 1 74 600 700 1 74 4700 4100 3 
75 3900 2000 3 75 1600 3600 3 75 4300 3200 1 75 600 700 1 75 4700 4100 3 
76 3900 2000 3 76 1600 3600 3 76 4300 3200 1 76 600 700 1 76 4700 4100 3 
77 3900 2000 3 77 1600 3600 3 77 4300 3200 1 77 600 700 1 77 4700 4100 3 
78 3900 2000 3 78 1600 3600 3 78 4300 3200 1 78 600 700 1 78 4700 4100 3 
79 3900 2000 3 79 1600 3600 3 79 4300 3200 1 79 600 700 1 79 4700 4100 3 
80 3900 2000 3 80 1600 3600 3 80 4300 3200 1 80 600 700 1 80 4700 4100 3 
54 3900 2000 3 49 1600 3600 3 61 4300 3200 1 19 600 700 1 74 4700 4100 3 
55 3900 2000 3 50 1600 3600 3 62 4300 3200 1 20 600 700 1 75 4700 4100 3 
56 3900 2000 3 51 1600 3600 3 63 4300 3200 1 21 600 700 1 76 4700 4100 3 
57 3900 1975 3 52 1600 3575 3 64 4300 3225 1 22 600 725 1 77 4700 4075 3 
58 3900 1900 3 53 1600 3500 3 65 4300 3300 1 23 600 800 1 78 4700 4000 3 
59 3900 1785.9 3 54 1600 3385.9 3 66 4300 3414.1 1 24 600 914.101 1 79 4700 3885.9 3 
60 3900 1642.42 3 55 1600 3242.42 3 67 4300 3557.58 1 25 600 1057.58 1 80 4700 3742.42 3 
61 3900 1492.42 3 56 1600 3092.42 3 68 4300 3707.58 1 26 600 1207.58 1 81 4700 3592.42 3 
62 3900 1342.42 3 57 1600 2942.42 3 69 4300 3857.58 1 27 600 1357.58 1 82 4700 3442.42 3 
63 3900 1192.42 3 58 1600 2792.42 3 70 4300 4007.58 1 28 600 1507.58 1 83 4700 3292.42 3 
64 3900 1042.42 3 59 1600 2642.42 3 71 4300 4157.58 1 29 600 1657.58 1 84 4700 3142.42 3 
65 3900 892.468 3 60 1600 2492.42 3 72 4300 4307.58 1 30 600 1807.58 1 85 4700 2992.42 3 
66 3900 761.065 3 61 1600 2342.42 3 73 4300 4457.58 1 31 600 1957.58 1 86 4700 2842.42 3 
67 3900 661.282 3 62 1600 2192.42 3 74 4300 4598.74 1 32 600 2107.58 1 87 4700 2692.42 3 
68 3900 607.999 3 63 1600 2042.42 3 75 4300 4709.85 1 33 600 2257.58 1 88 4700 2542.42 3 
69 3900 600 2 64 1600 1892.42 3 76 4300 4779.8 1 34 600 2407.58 1 89 4700 2392.42 3 
70 3900 600 2 65 1600 1742.42 3 77 4300 4800 2 35 600 2557.58 1 90 4700 2242.42 3 
71 3890.57 600 2 66 1600 1592.42 3 78 4300 4800 2 36 600 2707.58 1 91 4700 2092.42 3 
72 3816 600 2 67 1600 1442.42 3 79 4299.74 4800 2 37 600 2857.58 1 92 4700 1942.42 3 
73 3800 600 2 68 1600 1292.42 3 80 4269.69 4800 2 38 600 2998.74 1 93 4700 1792.42 3 
74 3800 600 2 69 1600 1142.42 3 81 4189.76 4800 2 39 600 3109.85 1 94 4700 1642.42 3 
75 3800 600 2 70 1600 992.424 3 82 4072.71 4800 2 40 600 3179.8 1 95 4700 1492.42 3 
76 3800 600 2 71 1600 842.424 3 83 3927.27 4800 2 41 600 3200 0 96 4700 1342.42 3 
77 3800 600 2 72 1600 692.468 3 84 3788.75 4800 2 42 600 3200 0 97 4700 1192.42 3 
78 3800 600 2 73 1600 561.065 3 85 3680.82 4800 2 43 600.255 3200 0 98 4700 1044.96 3 
79 3800 600 2 74 1600 461.282 3 86 3615.92 4800 2 44 630.306 3200 0 99 4700 923.991 3 
80 3800 600 2 75 1600 407.999 3 87 3600 4800 2 45 710.244 3200 0 100 4700 837.966 3 
81 3800 600 2 76 1600 400 2 88 3600 4800 2 46 827.289 3200 0 101 4700 801.349 3 
82 3800 600 2 77 1600 400 2 89 3600 4800 2 47 972.727 3200 0 102 4700 800 2 
83 3800 600 2 78 1595.28 400 2 90 3600 4800 2 48 1122.73 3200 0 103 4700 800 2 
84 3800 600 2 79 1548.57 400 2 91 3600 4800 2 49 1272.73 3200 0 104 4685.27 800 2 
85 3800 600 2 80 1456.57 400 2 92 3600 4800 2 50 1422.73 3200 0 105 4621.88 800 2 
86 3800 600 2 81 1361.28 400 2 93 3600 4800 2 51 1572.73 3200 0 106 4514.94 800 2 
87 3800 600 2 82 1308 400 2 94 3600 4800 2 52 1722.73 3200 0 107 4377.27 800 2 
88 3800 600 2 83 1300 400 2 95 3600 4800 2 53 1872.73 3200 0 108 4227.27 800 2 
89 3800 600 2 84 1300 400 2 96 3600 4800 2 54 2022.73 3200 0 109 4077.67 800 2 
90 3800 600 2 85 1300 400 2 97 3600 4800 2 55 2168.69 3200 0 110 3949.5 800 2 
91 3800 600 2 86 1300 400 2 98 3600 4800 2 56 2286.63 3200 0 111 3853.63 800 2 
92 3800 600 2 87 1300 400 2 99 3600 4800 2 57 2368 3200 0 112 3805.4 800 2 
93 3800 600 2 88 1300 400 2 100 3600 4800 2 58 2399.57 3200 0 113 3800 800 2 
94 3800 600 2 89 1300 400 2 101 3600 4800 2 59 2400 3200 0 114 3800 800 2 
95 3800 600 2 90 1300 400 2 102 3600 4800 2 60 2400 3200 0 115 3800 800 2 
96 3800 600 2 91 1300 400 2 103 3600 4800 2 61 2400 3200 0 116 3800 800 2 
97 3800 600 2 92 1300 400 2 104 3600 4800 2 62 2400 3200 0 117 3800 800 2 
98 3800 600 2 93 1300 400 2 105 3600 4800 2 63 2400 3200 0 118 3800 800 2 
99 3800 600 2 94 1300 400 2 106 3600 4800 2 64 2400 3200 0 119 3800 800 2 
100 3800 600 2 95 1300 400 2 107 3600 4800 2 65 2400 3200 0 120 3800 800 2 
101 3800 600 2 96 1300 400 2 108 3600 4800 2 66 2400 3200 0 121 3800 800 2 
102 3800 600 2 97 1300 400 2 109 3600 4800 2 67 2400 3200 0 122 3800 800 2 
103 3800 600 2 98 1300 400 2 110 3600 4800 2 68 2400 3200 0 123 3800 800 2 
104 3800 600 2 99 1300 400 2 111 3600 4800 2 69 2400 3200 0 124 3800 800 2 
105 3800 600 2 100 1300 400 2 112 3600 4800 2 70 2400 3200 0 125 3800 800 2 
106 3800 600 2 101 1300 400 2 113 3600 4800 2 71 2400 3200 0 126 3800 800 2 
107 3800 600 2 102 1300 400 2 114 3600 4800 2 72 2400 3200 0 127 3800 800 2 
108 3800 600 2 103 1300 400 2 115 3600 4800 2 73 2400 3200 0 128 3800 800 2 
109 3800 600 2 104 1300 400 2 116 3600 4800 2 74 2400 3200 0 129 3800 800 2 
110 3800 600 2 105 1300 400 2 117 3600 4800 2 75 2400 3200 0 130 3800 800 2 
111 3800 600 2 106 1300 400 2 118 3600 4800 2 76 2400 3200 0 131 3800 800 2 
112 3800 600 2 107 1300 400 2 119 3600 4800 2 77 2400 3200 0 132 3800 800 2 
113 3800 600 2 108 1300 400 2 120 3600 4800 2 78 2400 3200 0 133 3800 800 2 
114 3800 600 2 109 1300 400 2 121 3600 4800 2 79 2400 3200 0 134 3800 800 2 
115 3800 600 2 110 1300 400 2 122 3600 4800 2 80 2400 3200 0 135 3800 800 2 
116 3800 600 2 111 1300 400 2 123 3600 4800 2 81 2400 3200 0 136 3800 800 2 
117 3800 600 2 112 1300 400 2 124 3600 4800 2 82 2400 3200 0 137 3800 800 2 
118 3800 600 2 113 1300 400 2 125 3600 4800 2 83 2400 3200 0 138 3800 800 2 
119 3800 600 2 114 1300 400 2 126 3600 4800 2 84 2400 3200 0 139 3800 800 2 
120 3800 600 2 115 1300 400 2 127 3600 4800 2 85 2400 3200 0 140 3800 800 2 
121 3800 600 2 116 1300 400 2 128 3600 4800 2 86 2400 3200 0 141 3800 800 2 
122 3800 600 2 117 1300 400 2 129 3600 4800 2 87 2400 3200 0 142 3800 800 2 
123 3800 600 2 118 1300 400 2 130 3600 4800 2 88 2400 3200 0 143 3800 800 2 
124 3800 600 2 119 1300 400 2 131 3600 4800 2 89 2400 3200 0 144 3800 800 2 
125 3800 600 2 120 1300 400 2 132 3600 4800 2 90 2400 3200 0 145 3800 800 2 
126 3800 600 2 121 1300 400 2 133 3600 4800 2 91 2400 3200 0 146 3800 800 2 
127 3800 600 2 122 1300 400 2 134 3600 4800 2 92 2400 3200 0 147 3800 800 2 
128 3800 600 2 123 1300 400 2 135 3600 4800 2 93 2400 3200 0 148 3800 800 2 
129 3800 600 2 124 1300 400 2 136 3600 4800 2 94 2400 3200 0 149 3800 800 2 
130 3800 600 2 125 1300 400 2 137 3600 4800 2 95 2400 3200 0 150 3800 800 2 
131 3800 600 2 126 1300 400 2 138 3600 4800 2 96 2400 3200 0 151 3800 800 2 
132 3800 600 2 127 1300 400 2 139 3600 4800 2 97 2400 3200 0 152 3800 800 2 
133 3800 600 2 128 1300 400 2 140 3600 4800 2 98 2400 3200 0 153 3800 800 2 
134 3800 600 2 129 1300 400 2 141 3600 4800 2 99 2400 3200 0 154 3800 800 2 
